Gene ID	T_rep 1	T_rep 2	T_rep 3	T_rep 4	C_rep 1	C_rep 2	C_rep 3	C_rep 4	log2
Dpysl2	199.827	197.743	186.46	215.911	53.9482	51.711	52.5325	55.472	
Calr	152.904	195.291	168.517	159.973	62.9099	61.7315	70.7902	66.8241	
Psip1	170.112	188.071	169.797	181.634	65.3742	77.8686	101.403	77.2499	
Hspa9	134.296	170.957	183.271	158.943	66.4407	81.1304	79.3481	74.6102	
Luc7l3	100.6	140.397	141.037	127.872	41.1917	46.7981	61.0359	52.6584	
Zfr	123.198	146.692	153.004	162.527	68.9475	75.8054	89.6303	72.8693	
Syt1	137.406	129.669	162.828	178.138	77.5332	76.1024	88.9914	91.2227	
Kif5c	122.679	133.581	131.013	146.892	62.3545	65.9368	75.3466	66.4902	
Ddx24	106.078	125.662	121.403	130.598	55.905	58.5541	55.5896	54.4607	
Csde1	111.422	136.83	154.122	133.745	63.9434	75.899	91.0942	74.4636	
Hsph1	118.692	124.705	134.591	128.158	64.9511	73.5077	80.7717	70.7276	
Scd2	199.66	201.255	184.616	197.464	142.501	142.844	134.205	149.72	
Kifap3	82.3351	102.861	125.715	131.226	53.1349	62.5439	64.9453	58.0411	
Cct6a	125.327	146.109	126.204	121.734	74.5997	86.2796	90.6327	77.2423	
Atp6v0a1	100.336	95.3982	97.8412	129.705	62.1209	57.9801	51.7807	61.6251	
Mtap7d2	133.694	121.491	102.385	148.536	72.3355	77.5642	87.4313	80.4162	
Smarca2	118.534	156.857	145.512	169.645	92.2531	99.543	125.217	108.39	
Gdi2	133.457	153.332	154.586	176.885	97.7055	118.59	127.439	111.924	
Cyfip2	132.242	116.736	119.463	156.293	93.0468	94.43	84.1896	91.1438	
Eps15	66.0341	93.9651	105.734	89.4491	41.7612	51.0103	59.397	48.2794	
Spag9	83.6485	93.8716	105.757	91.8562	48.3941	54.727	65.7496	54.8168	
Ik	97.0885	127.074	97.5529	121.984	65.8065	75.6174	77.7024	73.6973	
Rsrc2	89.1788	114.08	98.1858	88.5157	50.7488	58.1452	72.7917	57.8679	
Nisch	90.7075	87.8848	76.5852	120.124	62.9598	61.1211	46.0064	58.7909	
6820431F20Rik	111.493	126.954	158.76	131.875	78.5632	88.3178	126.749	89.0816	
Tcp1	134.739	148.76	156.109	141.25	99.7072	107.752	126.867	102.012	
Dctn1	110.18	112.042	87.0113	136.01	84.1084	77.849	62.3834	79.5731	
Tmod2	91.8706	79.7377	99.2547	97.7773	51.7356	58.7414	64.0142	57.858	
Peg10	78.8729	101.261	96.0569	99.9564	57.8591	63.4743	65.778	54.8886	
Caprin1	77.4218	94.5225	88.3839	101.838	48.7456	62.8206	62.8578	58.7834	
Smarcc2	95.282	87.0489	68.8728	108.053	61.7567	59.1773	53.3235	59.1485	
Vps35	56.4787	84.3335	105.692	81.4842	42.5459	53.5172	58.9929	48.7589	
St13	101.169	111.081	97.1009	109.467	71.9845	76.125	77.1155	70.3886	
Rbm39	102.045	124.222	110.527	126.136	73.8971	83.1585	101.012	85.2992	
Clstn1	95.652	88.9686	74.7469	95.1479	63.8982	54.0138	52.1035	66.8673	
Usp22	91.3778	93.3934	95.8094	109.081	67.4637	72.3237	62.7996	70.1766	
Tmem30a	115.377	116.477	109.554	129.132	78.2029	81.3691	113.785	92.4783	
Camk2a	98.5819	100.444	97.8939	129.198	86.0446	81.0685	72.8027	84.9012	
Mapk10	80.0086	71.0493	73.065	80.3533	47.5626	53.0564	50.8749	53.8454	
Sec62	88.238	77.8569	66.7273	75.3609	45.1083	50.1889	60.2283	53.7447	
Clasp2	67.6699	70.7129	89.3082	80.8256	47.9118	54.3144	55.2418	52.4502	
Dld	67.0965	97.8388	101.864	69.2029	49.221	63.5342	69.1705	58.0142	
Gnl3l	89.2481	95.3627	118.023	113.048	74.5296	85.6061	80.6393	80.8876	
Spin1	149.164	111.19	106.729	134.231	93.2295	102.537	111.731	101.309	
Scrn1	84.9352	89.3281	81.9761	96.0047	64.9367	72.6822	58.1951	64.8017	
Mgea5	70.7117	77.2894	72.7595	80.5394	46.9287	55.6647	55.804	52.0941	
Dnajc15	132.259	90.5375	89.0038	88.6498	69.7837	79.6507	91.709	75.696	
Sf3b2	118.606	102.832	83.578	119.287	90.0852	86.0439	79.4291	86.4341	
Gaa	122.321	124.928	110.196	148.072	120.253	99.8291	89.2891	115.467	
Syt11	98.9911	100.728	101.369	97.2041	82.0442	77.4244	74.6728	86.137	
Usp11	74.7757	79.4747	91.5783	93.5967	64.2128	71.3107	61.8115	64.2379	
Spock2	90.27	66.0187	104.388	98.0019	75.1952	70.4866	58.7134	77.6865	
Rtn4	103.921	98.9625	123.758	111.387	73.9838	88.2149	107.731	94.0593	
Baiap3	85.2658	101.311	76.4238	119.87	85.1697	86.296	59.1493	78.8478	
Dclk1	88.1462	80.0739	96.5787	98.7298	66.1124	74.7205	78.0484	75.3129	
Nap1l2	80.3942	104.69	100.298	102.624	70.5467	84.5104	86.3268	79.35	
Ndufs4	89.5414	82.9812	83.0971	100.74	64.0152	71.9076	83.5118	70.5075	
Arhgef9	74.6673	75.0805	99.4139	90.1465	61.5041	69.1816	73.5596	69.2964	
Dync1i2	67.7838	96.5448	90.1816	92.6226	61.9415	74.734	77.921	69.2704	
Uba1	71.7052	77.7192	74.667	81.635	59.4842	69.2456	54.1821	60.7188	
Pdcd4	66.0364	67.576	62.4566	70.3962	46.2449	52.9309	57.0347	49.1032	
Oxct1	82.1517	84.9666	79.2831	89.5632	65.0553	75.8616	67.4629	69.8758	
Sdha	186.937	205.19	222.923	188.804	172.248	196.227	194.188	183.606	
Ddx1	59.8088	78.6055	79.9692	72.5455	50.7267	61.332	65.2136	56.2669	
Ptprn	85.2	92.8076	70.6145	94.5928	82.1842	70.2858	58.6804	79.3118	
Gars	63.1228	63.75	55.22	71.6439	47.9131	53.0731	49.8809	50.4797	
Chd3	86.2323	68.4226	53.6163	84.6177	64.1911	61.1673	56.5983	60.5157	
Hk1	63.7539	54.0298	56.1895	78.9945	54.7728	52.576	43.232	53.3976	
Sv2a	79.5058	68.7715	83.7494	83.1	73.789	65.6233	56.5018	73.8676	
Trim37	78.1245	58.8249	63.632	70.3217	51.3024	57.237	60.0424	59.8705	
Hmgcs1	85.9733	111.622	126.178	109.996	86.8224	103.896	102.065	99.7161	
Hnrnph1	133.289	142.737	142.353	147.267	114.424	135.359	144.161	134.214	
Aco2	94.8528	111.11	92.4285	107.448	95.6935	98.0742	83.5564	91.6624	
Glod4	56.3366	62.8106	71.8181	62.0853	49.5383	56.2519	61.9303	53.5504	
Magee1	60.1611	52.6992	58.4616	87.1808	62.7568	63.6606	48.7217	57.0585	
Zcrb1	122.72	99.0126	87.1386	124.279	87.2173	91.2424	132.754	96.0891	
Mbnl2	82.2849	84.0971	78.2614	86.5695	69.2339	76.2206	86.9849	73.1941	
Psma4	110.192	139.688	116.023	133.137	102.009	117.57	141.415	112.871	
Mfn2	61.3286	57.1155	56.1841	62.9822	54.7194	55.1924	46.7154	56.0149	
Zfp207	48.6114	53.9139	63.3104	58.4994	46.0618	55.5206	50.7643	48.7245	
Csnk1a1	97.1644	100.542	108.115	99.8516	84.1967	103.872	101.704	92.7287	
Sucla2	98.6572	139.769	144.946	121.516	102.749	120.794	145.814	112.896	
Ptplad1	56.7072	69.9667	66.2372	63.316	53.5626	56.5043	64.4288	59.7171	
Gabbr1	96.8182	84.5989	77.0602	95.6648	87.7205	80.0705	74.0276	92.1745	
Snrpf	88.3082	85.0499	50.3823	53.926	56.0616	60.7337	75.3652	65.5106	
Amph	59.5431	60.7713	57.5916	65.7965	54.8415	59.198	52.8922	57.0875	
6430548M08Rik	72.4062	53.046	48.232	67.9581	57.977	55.9827	52.278	56.6594	
Epb4.1l3	77.6029	69.1707	60.1673	75.1757	64.2842	64.9647	67.9276	66.7195	
Hdac2	53.7918	68.5286	58.2744	62.9944	48.187	58.529	63.3484	55.6428	
Eif2s2	54.6994	68.1578	56.3163	58.1127	47.5352	53.1098	68.8447	50.0925	
Hnrpdl	96.6468	92.1167	58.0305	95.2443	74.3824	81.647	85.4688	84.6434	
Add1	58.4439	64.012	59.9797	74.115	63.5987	64.5371	52.0854	61.3589	
Actr2	92.7233	92.5256	104.943	95.587	77.9964	94.4117	105.358	94.3481	
Fgfr1op2	72.575	51.0536	46.3086	65.0265	47.9761	51.4416	68.4152	54.7158	
Atp1b2	106.378	95.0743	82.6665	102.41	100.239	93.0844	84.8136	97.9651	
Ttyh1	66.2002	57.4481	47.3281	63.369	56.8584	51.1034	56.7086	59.4072	
Eif2s3x	67.9366	63.0599	62.6678	61.7395	54.2815	62.4221	67.2158	62.4315	
Hmgn3	67.9813	90.9008	60.6989	61.3137	63.0124	65.7472	77.6055	66.5995	
Ap2a1	61.0673	45.446	44.4231	68.2722	60.0616	55.1462	42.2984	53.9654	
Dcaf8	59.5961	54.1335	46.4751	53.0114	52.305	52.7559	49.1626	52.5562	
Rap1gap	60.4805	54.1971	42.121	63.9051	60.3401	58.6972	39.9923	55.7932	
Pacsin1	104.24	81.0463	62.706	112.62	98.744	93.4348	67.0061	96.0776	
Nono	67.8157	78.8048	72.8309	84.2316	72.4865	76.9311	72.9414	76.0657	
Itfg1	49.3733	61.8033	55.1186	52.9651	45.8699	49.0623	64.9117	57.0282	
Rwdd1	77.6637	57.6399	57.7427	74.4694	60.7696	61.8498	81.0619	63.2241	
Ppp3ca	112.846	112.574	119.043	140.267	113.139	121.889	125.945	123.298	
Tmem130	167.269	146.355	170.261	172.817	170.747	158.861	150.237	177.46	
Zranb2	87.3985	114.437	112.37	105.259	85.7856	102.198	129.701	102.535	
Hspd1	76.3319	101.095	73.6673	91.9353	74.7036	87.9805	99.9381	81.9643	
Tmed2	56.665	59.6113	42.4555	43.5568	45.554	47.4616	57.1668	54.2329	
Ppme1	69.1618	79.8137	71.9788	82.782	78.7789	83.3157	69.4887	76.7688	
Psmd2	70.9428	64.8785	59.7391	69.5892	65.9177	73.1554	66.0663	65.8066	
Efha2	55.3466	52.704	42.4694	56.3187	45.9673	53.6594	61.5425	51.8141	
Ctnnb1	90.4194	108.596	103.206	110.509	101.717	113.393	99.7463	105.485	
Dennd5a	56.4421	54.0025	42.9664	54.818	53.0626	55.8792	55.3323	51.8269	
4933407C03Rik	80.1148	63.4168	58.9928	84.0597	79.7908	76.1472	65.9963	72.864	
Cyb5r3	57.4322	55.0041	43.3604	55.4332	60.2924	52.6175	52.1757	55.5839	
Sod2	72.1551	56.906	56.8494	68.6396	59.8237	70.2591	67.0336	67.7981	
Epb4.1l1	66.8069	53.4188	46.7669	66.4894	63.8617	62.9537	55.7062	62.0974	
Setd3	106.964	86.1694	68.29	89.911	86.136	87.3451	100.403	88.7898	
Dnm1l	72.5793	82.5613	99.8827	75.4603	72.1012	85.6172	100.324	84.4378	
Dcun1d5	51.1432	60.8942	37.5517	54.0864	49.0147	50.6872	62.8063	53.2471	
Rab9b	48.6764	51.2693	63.7335	55.4553	48.3784	57.909	67.3893	59.7676	
Gdap1	46.9349	53.8954	55.4221	46.8169	46.2162	53.6308	67.0192	53.0613	
5730469M10Rik	59.1039	62.6804	51.0322	54.4347	56.4298	54.5381	69.5582	65.5618	
Clu	97.2742	115.822	84.2043	115.406	111.514	100.51	100.253	119.27	
Zmynd11	52.506	50.1675	45.3746	55.8149	53.1938	53.359	62.151	55.0923	
Gm5148	105.02	76.7936	53.371	89.0678	82.6734	84.4974	89.7854	88.2268	
Cops2	67.7397	78.203	83.1579	73.6273	62.6667	78.2045	105.806	77.9971	
Atp9a	62.0831	51.656	48.8736	55.6622	66.0429	55.2868	55.552	63.9377	
Wdr89	110.609	116.282	81.6315	75.0537	89.535	98.9672	118.766	99.6153	
Rbbp7	58.3077	69.9729	63.3363	63.0581	62.1841	71.4192	78.469	67.2159	
Rph3a	78.2795	61.154	49.7079	74.055	78.2687	73.4785	59.3012	77.1515	
Sarnp	93.0847	79.2313	72.4374	86.0665	74.8445	82.6549	114.705	84.1321	
Camk2g	73.1402	64.6861	66.0124	79.5993	79.0948	79.7863	73.4093	77.0644	
Ube2q2	70.2098	44.0013	33.8114	54.3765	49.885	55.0054	68.4381	55.2948	
Dync1li2	60.4473	58.637	54.6267	59.15	59.1604	66.7784	67.596	65.8022	
Usp14	39.1441	49.0094	69.3056	51.4319	47.1667	60.7697	68.7807	59.045	
Ufd1l	59.8935	68.3669	64.689	72.901	70.9275	74.4636	78.2094	69.6346	
Zc3h15	87.3359	77.8328	98.7046	85.3547	78.1396	92.0859	117.414	90.1497	
Hnrnpa3	86.8453	88.2838	113.139	82.88	84.3359	101.941	120.727	94.594	
Chga	66.0112	77.3107	48.5442	64.8145	80.1711	68.4448	62.4271	78.2183	
Luc7l2	64.8876	49.496	57.7041	76.6562	62.1198	67.0877	79.5912	73.0036	
Anapc5	66.3424	68.272	59.4631	64.2724	71.0831	73.5615	73.8124	72.9594	
Gad1	80.2768	93.6475	112.957	116.758	104.445	118.629	109.709	105.421	
Cops3	47.9078	52.7356	52.3499	47.7635	53.5714	59.6241	64.1936	57.9805	
Abr	73.8347	74.1207	77.5097	93.1734	91.1911	91.4969	82.5363	88.2223	
Hmox2	70.2764	53.8402	39.9049	61.7797	64.244	68.3368	66.7527	61.3307	
Khdrbs1	66.2654	46.9808	43.2221	72.1186	61.5255	68.2608	66.6988	67.1501	
Gm6793	123.044	130.321	104.427	87.7494	102.675	125.77	135.313	117.326	
Hmgb1	137.622	160.36	136.154	152.654	133.536	155.491	187.961	147.855	
Wdr1	50.2586	56.8847	58.3711	62.2934	65.7367	69.5378	64.8859	65.9879	
Slc25a12	76.8421	73.0856	66.4643	85.1726	83.867	88.8581	81.3305	86.2554	
Arl8b	98.3224	87.6902	93.8939	105.957	92.3598	105.749	121.638	105.833	
Lamp1	86.4473	91.1195	64.7916	78.5173	91.372	86.8727	90.6542	92.1913	
Tomm70a	61.0186	58.4868	55.6907	67.005	59.6302	74.9277	79.7775	68.1082	
Glud1	105.264	95.5009	81.0136	112.888	103.925	108.879	110.88	111.637	
Rab12	100.561	68.6204	48.1251	81.2477	78.1746	82.8206	91.6697	88.4858	
Eif4g2	110.562	124.789	117.407	114.33	112.406	129.01	143.16	125.953	
Magoh	70.8524	58.3607	45.8712	79.5221	67.4969	71.9444	89.7082	71.0855	
Vps41	59.2998	65.3954	67.252	70.9047	70.3128	77.127	90.022	72.9238	
2510003E04Rik	60.7003	45.64	36.679	69.0918	64.8412	67.8167	63.3198	64.5633	
Rgs4	64.626	64.7876	69.2193	70.5118	70.9651	80.1214	82.9969	83.5821	
Fto	71.2159	62.986	57.9647	75.2022	81.8403	81.6257	70.6266	83.9807	
Esd	53.947	58.7894	52.267	54.8946	60.8004	72.7135	75.2669	62.2116	
Anp32b	55.1682	66.0901	40.4332	56.2181	60.2812	66.9248	75.135	67.1716	
Camk2b	111.729	100.59	101.246	135.911	135.087	127.627	111.706	127.521	
Ola1	51.4993	55.8254	48.1379	49.0566	56.8259	65.3581	74.8048	61.2379	
Vcp	82.7089	100.935	91.3595	111.133	110.172	117.701	105.597	109.626	
Ubqln1	76.6456	54.9461	43.7675	63.5649	70.7749	75.3191	75.7116	74.4187	
Copg	76.1955	82.7309	82.096	100.787	99.0025	106.961	95.0063	98.2373	
Meaf6	54.6928	54.151	35.9697	58.3559	70.2889	62.7159	63.4188	64.8445	
Abat	87.6001	85.0865	99.848	98.3511	106.643	111.452	102.814	108.688	
Tusc3	73.7456	59.1857	58.6242	71.5764	81.8622	77.1797	81.8956	83.4581	
Etnk1	85.4053	77.5586	77.9372	88.6635	87.229	99.2474	107.935	97.2139	
Eif1ax	59.1105	45.1129	46.6492	59.8113	62.7372	65.2535	81.1762	66.0968	
Psmc6	64.5652	67.6465	78.8389	79.4397	71.919	87.4151	112.916	85.9322	
Slc30a9	78.4714	76.5706	65.7828	66.5733	79.6963	86.0622	103.729	86.6574	
Zmat2	118.35	82.9171	87.1857	93.0433	100.352	110.193	129.216	111.181	
Klc2	67.2546	51.2211	39.1276	58.4018	80.3722	71.2725	59.2307	74.5974	
Pcbp2	94.4414	84.7356	72.2908	82.8106	92.2032	105.649	105.25	100.766	
Pfkm	79.8002	75.8932	80.2952	93.5473	102.409	104.842	90.5291	101.35	
Schip1	60.35	50.5461	42.0322	61.6607	68.0636	70.9931	75.2695	71.985	
Gm10052	74.8074	81.8529	63.4122	52.254	76.1757	90.5787	93.3138	84.4981	
Rangap1	89.6406	70.9721	75.047	91.2038	103.019	103.307	93.0955	100.064	
Pdha1	87.0809	80.8178	86.4386	88.0708	91.3168	106.553	112.338	105.432	
Cetn2	45.3207	59.2332	51.0602	46.3931	60.0403	66.8978	83.5108	64.9743	
Strap	90.5654	87.5187	65.7276	86.3004	88.6268	103.326	115.072	97.8955	
Hp1bp3	82.0447	84.8656	77.1276	90.2117	98.6387	103.852	103.899	102.842	
Cct2	97.1537	110.125	100.66	104.493	111.651	124.12	135.648	116.43	
Fgf12	68.5113	50.6576	77.1687	75.583	70.8561	84.4826	106.299	86.3072	
Ubqln2	93.3527	66.1843	54.93	99.5907	99.9345	101.816	90.3129	98.3178	
Napb	147.08	130.624	155.051	133.727	143.544	161.366	174.907	163.381	
Tpm3	87.5905	73.4138	50.288	76.8816	86.3456	94.986	92.9026	91.3872	
Ptp4a2	62.1968	56.2533	69.9986	63.6817	69.3964	78.6344	101.736	80.2072	
Evl	77.5882	54.6195	35.1347	66.3449	82.0412	76.141	73.1469	80.8352	
Ppp1r9b	87.6965	54.3063	35.5154	73.1715	96.4646	81.2868	66.3452	88.3031	
Rwdd2a	51.0534	54.8051	58.6117	51.634	71.8842	73.8287	80.5691	71.7271	
Ptges3	153.764	130.093	103.683	140.545	128.608	154	178.066	149.366	
Ewsr1	51.4185	54.0569	41.7101	57.2611	75.6551	71.9155	60.6723	79.9746	
Eif3e	77.0088	82.3438	93.9186	79.1465	91.8718	97.7594	129.308	98.1845	
Snap91	64.6269	50.0577	56.0966	65.6404	80.3242	84.5298	74.0804	82.2076	
Dnaja1	56.4902	71.2581	75.4401	61.8695	72.8536	87.9221	100.916	88.4715	
Atp6v1h	58.4481	71.1399	82.7322	66.6759	80.8304	91.7741	104.961	88.0174	
Map2k4	76.5175	66.554	82.4685	83.4717	89.5957	99.192	108.889	98.2221	
Psmd12	62.3768	54.129	54.216	59.9111	70.0882	82.1713	91.1599	74.3398	
Cct3	41.0958	56.4192	58.6888	54.1941	70.4127	80.3991	74.4608	73.5191	
Cs	63.743	69.0908	66.7585	70.5825	86.8529	94.8001	86.0436	90.9692	
Fundc1	65.1008	63.2021	72.2847	67.6881	70.2448	86.3382	111.283	89.4411	
Atxn10	109.195	113.983	140.626	127.644	132.922	155.465	153.286	139.211	
Actr3	83.6597	84.9437	71.0797	79.2512	90.1412	100.797	116.765	101.133	
Cct7	76.5157	64.4174	52.021	80.0106	93.5985	94.5707	85.3134	90.6879	
Ppp3cb	66.1649	64.3593	67.3167	72.996	76.3472	92.6939	105.612	87.4531	
Cct5	99.2486	102.298	100.161	94.4188	117.966	124.042	129.628	116.97	
Hnrnpc	73.3115	70.1052	76.3046	73.1917	84.2853	98.1701	108.704	94.9016	
Ppp2r2b	67.421	60.9116	56.4415	59.0249	80.6219	82.9025	91.3223	82.1848	
Tcea1	59.5273	57.5009	52.7312	52.8161	66.309	76.575	98.776	77.0675	
Ctsd	46.3565	58.1498	54.1337	54.5121	79.9447	78.4723	71.6172	80.6552	
0610009D07Rik	59.5484	51.0551	46.5174	53.4169	62.0176	81.602	87.3948	79.425	
Bzw1	51.3038	54.6231	52.6849	52.5754	67.0924	82.087	88.844	75.4687	
Mapk9	64.6098	59.7522	61.7964	70.0233	81.6987	89.7046	98.4891	91.1532	
Zcchc18	148.943	181.346	165.928	189.879	192.363	202.448	196.078	200.336	
Tpm1	88.8347	89.8003	46.7805	78.8384	98.2458	99.6459	111.799	100.553	
Cct8	69.7114	81.22	99.5093	80.6423	95.0481	114.228	123.068	104.906	
Zcchc17	77.9694	58.851	51.4582	60.6791	85.434	86.4898	95.4202	88.3926	
Cwc15	79.4646	78.2266	59.1941	79.4371	89.4851	97.1919	122.027	94.5114	
Psmd7	88.607	72.86	58.6616	71.6423	95.0475	101.746	108.149	95.4686	
Dnaja2	66.3326	66.6301	76.0789	66.3544	79.6609	96.8663	114.582	94.0937	
Nars	69.1584	70.2913	77.1424	74.4528	92.9623	103.094	101.998	102.865	
Psmd14	52.3494	49.2528	51.8271	56.919	66.9056	79.3152	94.4514	79.7292	
Eif4b	81.0841	67.7634	57.8787	65.9746	95.4274	96.1238	96.2706	95.5373	
Tceal1	126.963	114.985	84.1803	106.734	121.058	131.271	163.292	127.913	
Psma3	100.193	95.3339	95.4392	101.63	107.503	126.525	145.962	123.867	
Btbd1	68.5012	44.8806	38.0189	56.7983	70.1834	78.4461	93.5752	79.594	
Psmc3	63.8124	54.335	35.4817	60.2422	82.9392	82.3269	83.0933	79.6427	
Grsf1	56.8935	44.4042	52.7019	57.2977	70.408	79.6592	96.8862	80.0062	
Cops4	57.0955	50.4883	38.6888	58.2496	73.863	81.2829	84.0355	81.0156	
Tmx2	60.079	66.2697	65.0837	56.9087	84.7041	84.4874	100.656	94.512	
Tmem66	85.3392	80.7959	74.111	78.2705	109.087	103.516	106.627	115.499	
Tppp	107.678	88.5025	85.1247	101.257	114.556	128.727	129.224	127.09	
D10Wsu52e	62.3235	70.9225	54.0939	56.6091	86.9781	91.9291	93.2902	89.8387	
Dnajc8	118.297	108.333	76.9077	100.001	125.689	128.294	139.672	129.218	
Mapk1	69.0401	56.8578	68.0099	75.0003	86.8741	101.984	103.457	96.1902	
Sec11c	66.8098	57.6083	38.0797	42.274	78.6848	76.975	84.5848	84.3864	
Ppp2r5c	77.5379	58.1309	55.7547	67.0893	89.7037	92.0457	101.341	95.7006	
Nsf	187.582	156.206	168.418	190.1	203.133	209.666	195.666	214.256	
Sms	48.8731	51.8487	54.6174	52.4818	69.2737	79.6963	98.3174	82.5938	
Glyr1	49.4409	51.1064	44.6343	55.805	81.8973	82.609	78.1268	81.3951	
Ndufa10	97.0042	84.806	88.5803	98.5539	118.714	126.608	122.345	126.265	
Idh3a	112.532	108.31	98.9988	110.549	129.201	137.108	152.164	137.204	
Sept4	111.372	92.8777	74.115	108.693	130.733	139.003	119.492	129.424	
Rab11a	77.9726	81.4818	87.3769	78.2648	92.1217	117.411	134.536	115.309	
Ccdc92	74.1004	45.1417	31.4708	56.7876	92.3734	82.2147	76.419	90.8986	
Erp29	78.7235	82.159	51.5684	75.6941	110.859	99.1673	104.803	108.206	
Camkv	64.073	66.9773	59.1224	75.6255	107.631	102.645	86.8856	103.56	
Chmp5	86.3164	102.595	73.1718	84.0118	107.052	119.021	145.608	112.143	
Gnai1	61.1428	49.4364	42.6393	63.3557	78.5581	87.2244	104.04	85.267	
Pld3	82.4408	76.5852	61.3911	75.6784	120.987	106.068	95.9234	111.847	
Wdr6	83.784	99.9673	96.3179	111.858	144.075	146.93	101.53	138.671	
Cab39	68.3876	54.8891	39.593	57.9863	80.7379	90.1286	99.6315	90.253	
Sepp1	67.0294	75.3731	60.9993	58.8396	90.0673	89.7618	123.412	100.515	
Mapt	75.8994	58.5705	53.74	74.1711	107.274	104.656	89.7298	103.947	
Smap2	63.9845	50.0983	37.1242	57.6018	91.6661	91.3131	80.8726	88.6956	
Stip1	90.0654	80.7994	65.5165	86.1707	114.935	116.024	119.346	116.431	
Mat2a	39.3821	55.8637	54.049	51.5904	78.5352	86.9147	94.4964	87.3409	
2810407C02Rik	65.5898	48.7983	94.7468	68.5879	84.0397	98.9929	135.789	105.308	
Tomm20	71.2434	66.4717	77.4196	70.821	98.1137	105.049	120.895	108.897	
Pafah1b2	85.3899	78.9911	84.0173	73.7177	101.309	120.748	129.965	118.704	
Mobp	76.0352	63.8782	46.9135	68.0922	106.196	116.276	89.9353	95.0625	
Dnajc5	78.4451	60.8362	65.7433	68.096	106.297	113.758	100.845	105.386	
Ahcyl1	84.2625	72.3905	57.4388	67.9766	103.031	109.06	116.734	107.231	
Mapre2	75.4426	57.8555	59.9009	69.3347	103.022	109.031	99.563	106.599	
Ckmt1	123.259	127.489	111.39	143.664	173.844	164.94	152.346	171.657	
Pafah1b1	100.474	91.5779	92.1861	107.484	120.4	145.925	149.508	133.72	
Pabpn1	68.8794	71.687	29.2776	65.3391	105.113	97.9313	87.974	102.492	
Phyhipl	56.6922	72.2284	75.2335	89.1176	93.7243	113.132	131.603	115.293	
Chn1	75.5183	65.2357	65.3291	66.7829	98.362	103.259	118.786	113.302	
Rhoa	106.269	87.0165	60.0733	86.3804	112.159	134.277	133.815	120.625	
Eif4e	61.9641	55.7365	58.2096	62.2978	83.4345	96.2337	121.815	98.6317	
Dnajb6	144.18	115.823	94.2955	125.549	144.465	162.308	185.557	154.303	
Nap1l4	61.2969	52.2605	54.4411	49.8766	89.5042	101.082	101.753	92.9854	
Ppp2r2c	80.6849	51.7982	46.232	68.3173	106.87	104.131	100.274	105.314	
Psme1	76.9277	77.4811	47.9267	69.2446	114.688	106.514	114.95	105.045	
Stx12	93.2044	78.9938	84.8319	80.803	113.901	123.8	145.333	126.441	
Rnf10	71.139	43.7416	31.0542	55.5961	100.454	94.0401	85.5511	93.8514	
Rab14	99.5958	101.323	95.049	113.432	129.199	149.616	160.85	142.329	
Sfr1	47.9964	52.7074	42.5016	57.3219	82.6381	93.146	107.576	90.2297	
Cops5	45.1275	54.2564	58.3494	46.0889	83.6045	95.1683	106.693	92.0671	
Trmt112	79.6696	45.8308	26.1527	53.9322	100.32	90.9084	89.2231	99.8839	
2700060E02Rik	66.71	58.8597	53.2073	57.0058	85.9924	102.1	125.188	99.2275	
Syn2	90.1968	73.3879	70.689	106.558	129.611	131.851	123.938	134.277	
Rragb	57.2734	47.7504	50.8958	56.1707	88.4124	101.008	109.44	92.5825	
Oxr1	71.0305	68.1621	76.9532	71.5974	96.867	111.281	139.075	122.576	
Pqbp1	72.2497	64.8165	37.7296	65.0044	109.002	99.629	102.785	110.642	
Ranbp1	81.203	78.8807	40.0352	75.8846	113.029	108.797	124.929	113.198	
Eno1	145.615	134.617	106.416	139.718	192.169	196.29	160.186	167.283	
Ube2n	70.6392	70.1357	76.0167	64.4662	102.048	117.395	134.802	117.924	
Ndufa9	63.1653	61.262	58.0989	68.0105	104.87	120.727	108.559	109.359	
Tmem59	51.8095	67.8476	51.4037	48.4767	93.3563	95.77	115.76	108.185	
Tubb4b	169.961	162.407	145.585	192.097	231.78	227.159	189.902	216.817	
Rundc3a	79.8386	59.0745	38.8906	59.4037	124.625	106.604	92.6819	112.228	
Srsf3	78.6981	63.3051	73.9285	64.8628	97.9904	120.332	141.801	120.862	
1110004F10Rik	128.36	103.367	93.4581	95.0856	137.416	153.661	172.929	156.943	
Peg13	80.9401	52.9032	63.0085	68.6363	118.277	116.37	108.435	124.21	
Ppa1	64.9992	57.4612	51.1049	63.2064	101.193	106.783	122.884	108.401	
Fkbp4	65.8003	55.8364	39.6062	53.683	110.37	107.855	96.254	103.56	
Dnajc7	70.0421	55.7884	41.2952	64.6039	106.607	106.613	114.885	107.223	
Idh3g	59.7922	59.9795	49.3019	74.102	110.279	115.111	110.757	111.723	
Timp2	104.451	80.0031	76.8215	105.881	148.967	132.068	138.443	153.213	
Got2	66.655	57.8116	53.686	66.1697	120.465	117.271	98.3371	114.089	
Actr1b	70.828	51.1009	42.6773	60.7158	114.751	112.316	96.6146	107.782	
Pdcd5	68.6699	78.2071	40.8376	59.0013	102.627	105.934	139.422	106.558	
Puf60	63.7953	60.0824	34.7972	54.7554	111.671	107.441	95.6735	106.791	
Snrnp70	59.5283	57.9752	32.0297	55.609	112.019	99.4104	93.2781	109.416	
Rnps1	70.144	53.4231	45.1801	56.0913	113.021	105.67	102.717	114.45	
Glo1	59.0337	63.5221	57.9373	54.4282	101.372	109.067	139.284	99.3856	
Prdx6	64.3659	47.7236	46.8756	52.0066	98.2174	110.478	116.295	102.109	
Arl1	91.7697	99.1383	74.6664	70.7875	126.494	130.191	160.279	137.94	
Atp6v1a	79.0333	91.683	112.389	110.726	141.082	160.115	156.278	157.322	
Ndufs2	111.87	85.92	81.7753	106.863	156.622	155.594	138.579	157.039	
Ddx17	112.84	112.59	91.1352	119.967	155.442	172.09	164.038	166.383	
Srsf5	133.197	133.923	114.563	121.814	161.189	189.282	206.414	169.853	
Ncs1	65.8252	42.5672	36.6446	55.8736	114.215	105.138	97.1478	111.538	
Tmem59l	63.1874	56.7365	49.455	69.4692	128.47	110.991	98.1197	130.101	
Tsnax	80.1608	66.2946	61.18	67.5769	122.418	125.055	132.707	126.151	
Gnai2	116.686	99.4314	70.8753	109	171.499	157.745	145.3	154.967	
Hpcal4	68.9114	53.3847	47.3418	60.0881	117.696	125.402	108.049	115.043	
Arpc2	76.6374	63.8131	41.3774	63.4025	119.166	121.064	123.829	119.267	
Gstm1	68.8817	72.8697	52.099	77.854	133.395	131.453	121.525	128.145	
Prkacb	196.651	204.571	240.588	213.204	247.832	285.111	300.118	267.826	
Sept3	59.2171	32.1137	71.8629	60.5532	114.263	117.228	118.068	121.944	
Ndrg3	106.316	100.557	116.191	118.457	164.936	179.714	171.218	176.482	
Sncg	92.8342	95.9834	60.8919	63.4981	141.132	159.873	130.403	134.182	
Pak1	78.9428	77.3886	82.0858	90.6548	134.604	144.223	154.393	149.088	
Vat1l	71.037	66.0634	69.6249	75.4718	132.373	140.063	130.714	132.406	
Hmgn1	87.169	62.9527	37.4891	61.1289	116.434	120.681	142.17	126.98	
Fez1	109.338	119.136	94.0871	114.725	163.938	188.618	179.444	164.258	
Uqcrc1	134.121	112.783	98.1866	134.008	196.501	188.416	161.045	192.815	
Uqcrc2	55.8245	78.7161	84.0991	67.4735	121.28	147.653	146.705	131.097	
Txnl4a	65.658	54.3011	43.1858	60.584	124.984	118.889	117.644	123.956	
Atp6v1c1	106.685	88.5967	100.999	102.839	144.61	169.107	186	161.52	
Csnk2b	80.6514	47.2258	40.0334	60.7016	133.434	127.297	109.013	124.451	
Arf4	51.0481	56.6613	48.7335	50.2969	101.802	124.656	135.832	110.338	
Ndufv1	64.5975	49.7482	45.7195	58.8634	127.498	122.857	110.74	126.446	
Ddx39b	57.8717	54.7555	42.5037	58.4235	124.374	122.136	115.097	122.459	
Rab5a	63.7239	47.2886	36.1919	54.9758	101.364	117.276	140.523	120.067	
Sparc	86.3165	109.401	74.5243	86.005	161.823	136.244	163.875	171.665	
Nptn	86.3689	72.029	78.5403	96.6896	140.711	139.542	168.728	164.096	
Psmc1	77.5844	86.321	69.3162	85.5752	145.103	145.075	156.778	151.898	
Ube2l3	55.7326	52.4651	46.9459	50.8228	117.352	120.453	130.672	120.427	
Sep15	75.4115	66.9539	54.9963	54.1485	122.723	125.096	151.901	135.689	
Tspyl1	74.9014	49.9755	39.4476	65.0538	125.508	131.096	122.01	135.453	
Gm5766	75.2375	62.543	41.5945	54.8047	126.082	127.35	140.722	125.649	
Mapre3	100.213	79.5367	50.5453	82.3728	159.419	158.529	126.414	155.161	
Ids	77.9737	66.5575	79.8011	92.3986	136.557	145.336	174.798	147.554	
Rnf14	104.455	93.3615	105.85	103.429	160.636	181.521	180.991	173.214	
Pitpna	76.7471	57.3922	51.874	61.9691	128.74	138.267	137.101	139.404	
Suclg1	94.9495	84.2099	65.3255	79.608	154.596	158.631	152.235	154.846	
Mapk8ip1	79.7793	48.6633	34.52	62.6419	151.996	134.165	108.357	129.148	
Cd81	101.241	96.3482	70.9455	87.6487	173.788	160.307	156.695	167.879	
Vdac2	125.376	115.614	122.655	114.404	173.312	200.823	214.043	195.212	
Rraga	65.6425	52.9171	48.6775	64.479	132.858	141.581	137.16	134.243	
Reep5	89.5518	70.3565	65.4529	86.3507	144.854	146.242	170.513	167.2	
Cycs	71.801	47.2011	53.0899	56.3785	115.046	132.534	162.435	137.555	
Rab1	76.1459	71.7881	80.6391	72.6315	135.779	159.44	171.348	156.121	
Tspan3	91.9838	65.3903	63.3469	65.1937	149.277	131.762	164.884	161.624	
Vdac3	107.427	120.353	114.281	108.201	166.662	199.274	217.732	190.403	
Hnrnpk	153.039	182.933	157.984	176.409	228.557	264.207	254.017	248.288	
Prkaca	119.099	85.8254	71.0283	106.153	193.956	180.198	156.424	179.176	
Vat1	78.6093	55.7041	43.517	64.7428	162.158	152.6	115.372	140.443	
Polr1d	67.1802	49.6742	41.6614	49.7493	136.631	134.91	130.936	135.916	
Aamp	70.2868	56.2234	47.3283	54.178	150.302	144.109	126.737	137.337	
Scg5	89.0585	78.6554	75.7067	63.3841	152.58	135.557	182.798	166.379	
Gpi1	153.439	146.028	130.338	165.242	241.714	243.638	208.745	231.745	
Rab6b	128.042	89.6894	92.4949	108.445	182.703	190.42	180.25	198.645	
Fbxo9	72.3347	45.6673	44.2649	58.6348	133.446	131.619	149.624	143.585	
Pja1	82.9907	75.8758	75.741	96.0338	163.671	174.986	164.662	168.398	
Gng2	95.1059	83.4681	82.0476	96.048	159.805	169.751	198.171	170.697	
Psma6	73.5105	96.9579	102.222	82.6234	157.491	179.875	194.98	167.974	
D8Ertd738e	89.7602	90.1075	48.8479	66.9576	169.579	151.308	162.141	160.273	
Rrp1	104.505	108.306	79.3661	95.2333	195.155	182.948	173.051	188.765	
Map2k1	65.912	54.3703	45.0929	59.4909	146.165	151.657	139.459	141.854	
Arpc3	72.7116	56.6514	36.6013	66.3359	145.064	139.878	152.695	151.834	
Itm2b	165.849	171.972	137.439	126.135	220.465	226.915	271.907	239.396	
Snap47	162.678	174.032	175.425	203.669	272.166	274.189	256.098	275.953	
Vps29	70.0243	48.2832	55.5124	52.9706	131.262	147.979	170.509	144.329	
Ncald	92.9974	82.6084	82.2992	97.9353	176.296	177.49	182.464	190.513	
Grina	67.6355	49.5758	44.5049	65.2036	169.831	148.688	121.949	162.077	
Arl2bp	82.7691	72.1573	58.6584	70.9038	164.454	165.894	168.2	170.358	
Mtap4	108.71	98.5024	102.175	102.631	178.363	191.57	220.187	207.478	
Chmp2a	75.5138	72.1912	57.5798	70.6164	161.948	154.857	184.312	160.949	
Eif4a1	71.6888	80.6081	53.8106	70.4726	160.166	175.342	168.713	160.099	
Thy1	100.318	74.3891	61.5057	83.6904	195.154	170.462	154.998	188.569	
Pink1	95.2887	64.7057	47.3457	79.1547	187.747	166.171	147.469	175.616	
Arl8a	72.9132	51.0523	42.3674	55.8729	167.798	161.452	141.353	147.578	
Idh3b	136.438	113.115	91.0429	117.617	210.618	219.326	215.882	213.425	
Plekhb2	79.7357	68.2566	65.3152	73.9013	173.587	172.52	169.192	178.766	
Selk	92.1378	73.7574	67.1343	73.4008	165.114	176.382	196.453	177.672	
Dstn	103.347	94.6685	77.7588	92.4248	171.647	198.803	216.581	190.924	
Apbb1	66.3899	50.9284	39.7378	58.8633	176.413	160.697	128.497	162.615	
Tuba4a	72.5824	72.5722	71.6295	97.3155	184.382	193.828	164.6	184.499	
Stmn4	66.6166	57.0714	45.1788	56.3031	167.93	169.255	149.367	159.141	
Ldha	58.0592	66.2691	66.0187	67.8032	173.562	186.4	158.695	164.336	
Necap1	95.813	77.3048	75.2389	79.4982	177.859	193.733	189.532	192.216	
Atp6v0d1	74.2988	59.1453	60.5823	70.6948	171.271	181.405	165.037	177.773	
Ube2d2	71.0181	42.6055	30.02	57.4608	142.59	159.341	171.583	158.942	
Tspyl4	170.398	148.589	142.577	166.826	261.507	288.612	238.896	271.081	
Cisd1	75.029	49.4151	40.1914	64.7576	160.579	161.739	177.687	163.68	
Gstm5	83.0198	93.5439	90.8129	86.7861	186.948	195.07	225.907	182.144	
Rbm3	78.2717	92.8684	63.5535	70.5187	171.083	194.702	199.479	177.072	
Isca1	94.3903	55.3936	61.8945	73.9031	174.953	180.629	187.123	183.317	
Dctn2	66.3564	56.086	37.8686	50.9253	173.891	168.012	145.261	168.898	
Car2	79.8092	48.7539	35.3113	57.7861	169.061	181.065	166.918	158.92	
Sept5	106.899	82.5085	59.8364	106.127	220.35	195.842	181.901	212.076	
Psma7	102.259	78.8655	61.8254	90.3485	197.032	195.333	205.13	191.928	
Bend6	104.662	63.4498	72.4243	90.8026	183.651	178.508	226.38	201.118	
Psma2	96.9722	83.6795	80.8302	80.2448	187.619	203.118	213.061	196.302	
Ube2v1	62.7599	44.5472	38.4063	55.1116	177.754	164.585	150.93	168.124	
Otub1	111.678	80.0021	67.7246	100.665	214.605	210.621	185.976	216.907	
Got1	103.043	77.3685	74.504	113.523	214.297	213.416	183.442	227.326	
Lamtor2	83.4479	43.7281	35.6562	47.7816	174.68	160.883	178.773	167.457	
Ociad1	110.095	94.9375	97.2181	96.9579	203.407	220.217	228.758	219.562	
Snrpd3	74.4965	60.3697	53.6144	55.7419	172.652	174.19	193.237	178.236	
Uqcrfs1	64.9743	39.9846	41.6978	55.9266	164.62	175.341	176.08	170.39	
Psap	127.071	131.57	124.887	126.808	258.153	231.799	230.104	274.377	
Ran	100.593	88.565	86.7327	89.0402	188.267	215.649	236.673	210.18	
Plekhb1	74.8378	58.0965	40.5706	52.559	180.164	178.334	181.779	176.232	
Capzb	69.8149	53.3119	44.5141	56.6795	181.282	187.958	173.85	171.956	
Ghitm	95.3357	78.58	90.5224	93.4293	186.841	223.339	234.237	212.632	
Zcchc12	97.4233	115.321	110.293	106.862	231.651	246.704	219.965	242.389	
Eif3h	121.746	84.5472	70.7391	102.412	219.118	213.983	243.991	216.054	
Arl3	106.084	76.1363	53.0359	68.7055	196.275	191.639	231.913	200.529	
Hmgn2	64.2363	69.3755	53.8414	56.4664	178.197	183.363	225.257	176.932	
2310003F16Rik	96.4606	95.5446	64.5064	69.1828	200.723	207.223	235.138	207.309	
Prnp	83.0536	80.6969	73.8459	77.3568	214.8	198.393	212.587	216.877	
Cops6	77.9749	52.0412	45.8367	55.7076	182.903	193.629	194.039	190.705	
Prdx1	56.9577	78.0994	62.6692	57.9159	174.46	211.883	217.456	190.954	
Rac1	122.472	96.2566	85.0979	111.934	228.37	245.913	247.044	244.248	
Mff	65.6474	54.6907	52.2207	65.8141	179.383	195.349	211.731	204.404	
Nsg1	82.1703	69.5647	64.1787	58.1196	196.612	202.425	218.533	222.343	
2900011O08Rik	92.3008	62.8533	63.5437	75.7438	208.742	206.603	222.972	222.542	
Eif4h	76.6233	55.4444	48.9807	55.636	212.203	214.974	168.577	207.919	
Psmb6	82.7705	64.7627	42.4752	62.8063	211.86	210.1	194.499	205.013	
H3f3a	102.103	69.5595	61.105	78.1169	209.91	233.026	243.974	194.772	
Snca	73.3737	45.357	40.8326	51.8844	187.956	198.489	202.208	196.377	
1810035L17Rik	59.2502	52.2437	53.2756	50.3233	181.57	198.75	227.577	190.66	
Serp2	79.0149	64.817	34.2203	50.8699	210.869	191.882	202.434	211.829	
Slc25a5	76.7651	58.0559	59.308	69.4812	211.952	231.345	211.87	206.873	
Tecr	115.784	107.342	103.798	114.607	284.493	259.175	237.329	282.954	
Psmc5	91.8299	67.8274	51.6313	63.5139	225.168	219.355	240.029	214.269	
1500011B03Rik	68.7949	48.3628	36.9409	53.0164	218.418	207.675	196.375	208.864	
A730017C20Rik	68.4815	75.9426	75.1731	63.8925	211.948	240.023	240.643	215.105	
Nhp2l1	96.3768	77.3082	68.276	84.224	222.701	231.864	265.408	233.546	
Eif3k	70.8194	63.254	43.6237	69.4548	228.861	209.019	229.239	219.335	
Ensa	97.2811	75.6333	77.2961	85.1743	249.473	240.104	257.83	243.624	
Mdh2	183.896	144.109	137.17	171.637	346.665	333.669	296.221	317.166	
Sdhb	81.7998	57.1447	39.8922	56.5966	224.766	226.445	231.874	220.743	
Vps28	69.0317	56.6347	40.0916	58.3318	230.345	216.926	217.752	228.891	
Eif1b	89.2204	72.1552	45.9669	61.7082	233.938	224.125	271.173	238.627	
Atp6v1b2	168.377	159.358	172.432	179.499	332.35	362.617	348.411	346.285	
Ndrg2	79.2378	48.5909	59.2256	56.2352	249.38	234.271	247.977	230.363	
Capns1	75.1553	67.5815	39.1712	64.8225	253.874	247.727	228.975	243.921	
Vdac1	160.46	132.363	143.041	154.812	317.131	333.147	329.067	341.368	
Ap2m1	193.276	189.981	164.414	201.462	380.043	385.529	346.18	371.692	
Nsg2	146.519	124.893	118.774	113.476	318.291	304.27	304.702	337.135	
Nrsn2	82.7395	73.3325	56.9223	89.1184	287.577	265.57	254.845	292.203	
Ndufs6	94.3837	51.0407	44.537	57.4795	268.706	251.367	264.693	268.85	
Tsc22d1	134.327	92.1723	86.55	111.435	309.952	326.053	312.883	314.087	
Gnb2l1	84.2714	71.8966	60.8082	65.3926	294.424	295.157	280.246	267.9	
Rnasek	101.862	57.6089	54.9371	74.0458	306.235	271.683	291.953	275.295	
Arf1	165.706	126.099	115.626	120.229	350.051	350.832	335.698	347.835	
Ndufa8	77.5401	70.7158	41.9137	58.3812	281.779	277.169	282.022	266.334	
Oaz2	74.4548	51.2675	39.5951	48.0187	277.918	277.508	241.777	277.315	
Arf3	67.6513	37.6484	87.6739	70.2753	291.834	299.269	255.684	286.921	
Tspan7	100.704	87.75	88.1052	95.5697	313.785	284.397	314.524	338.151	
Nme1	61.9649	57.3658	35.9244	46.5129	274.697	262.028	270.285	273.497	
Acot7	147.549	127.36	101.217	120.979	367.629	354.91	315.295	357.146	
Sst	98.9798	71.5699	68.1993	76.8793	332.662	283.562	303.317	296.573	
Rtn3	113.694	90.9688	113.877	108.575	317.027	335.991	333.122	345.619	
Timm8b	96.4589	57.6329	49.8047	74.0633	291.442	282.737	311.318	298.857	
Gabarap	74.1927	43.619	29.3168	53.8743	293.755	279.983	265.44	269.191	
Pgk1	100.23	98.8261	99.9594	93.8364	313.078	339.567	335.653	312.264	
Qdpr	84.6175	67.3295	49.6817	60.8387	302.773	317.366	277.064	290.292	
Atp6v1e1	106.055	97.171	92.5547	95.18	325.122	336.273	360.458	325.627	
Cox7a2l	94.37	81.4497	55.4729	70.7227	339.32	355.622	373.18	339.395	
Ndufa12	114.672	128.627	91.2582	95.6938	380.377	371.536	396.877	391.627	
Ldhb	181.706	158.16	142.944	168.516	467.145	483.998	443.874	442.94	
Resp18	150.296	186.264	142.441	145.436	463.502	454.927	450.349	466.808	
Ap2s1	69.5122	58.2717	41.5013	44.2576	373.986	358.764	343.621	355.072	
Hsbp1	80.3327	58.8531	56.6565	76.7665	365.371	361.036	408.423	369.171	
Tagln3	114.211	104.714	62.4448	87.7898	413.547	419.255	373.161	394.621	
Nedd8	70.8814	60.4522	41.5183	42.468	365.291	352.767	373.645	366.115	
Cox7a2	77.3049	53.8821	40.2992	52.8089	382.956	388.83	396.042	377.432	
Fkbp1a	102.277	67.7079	54.9457	84.6636	401.57	416.152	428.616	424.639	
Rnd2	73.5707	51.2723	40.8428	57.51	418.344	407.38	435.501	405.074	
Mir762	70.8097	48.5519	49.8722	71.5847	628.25	606.192	604.253	631.011	
